5 7 3110 5293 5295 5297 5299 5301 2130 
3 6 4415 5389 272 3124 4406 5363 
3 4 5363 22 5356 5352 
4 4 5352 4400 1625 204 
4 5 1387 3126 5381 3409 5374 
3 5 5352 5347 5343 5333 74 
3 5 4406 4404 3132 5340 5333 
3 6 3117 5311 5312 5321 5326 74 
5 5 3110 930 5288 5287 5279 
5 4 74 5309 5302 3110 
3 4 5352 464 5365 5374 
3 6 4435 1121 3465 1907 5398 4415 
5 7 3110 5285 5270 5250 4394 5230 4392 
5 5 5211 5219 5225 5215 4392 
5 5 5211 1510 5193 5170 5151 
3 4 4395 285 5267 5279 
5 7 5151 2713 5174 5187 5206 5215 4392 
5 22 3308 4464 4461 2027 4448 3433 4445 430 1489 4443 4438 2263 4441 4449 4454 3299 4459 3300 4460 3301 4465 3303 
3 2 3303 3308 
3 5 3312 4469 3304 4456 2027 
3 5 2278 4473 4467 6680 3312 
3 7 4441 4437 4439 1175 2485 4434 4435 
5 4 4257 452 625 1122 
5 6 4257 4250 4245 591 4224 3122 
4 4 4076 2070 4188 4193 
4 4 4193 3115 4203 172 
4 4 4197 4204 4202 172 
4 4 4197 2679 1117 4076 
3 6 5338 5334 5335 4207 1514 172 
3 6 3131 5327 5316 5310 3116 3117 
3 6 5316 5419 4196 4199 4201 4198 
3 5 3131 4399 3394 3395 5338 
3 4 4198 4205 4211 5338 
3 4 415 1766 4247 3127 
5 5 4257 2022 3248 4252 3127 
4 6 3122 3120 4215 1388 595 4197 
3 5 415 4221 2266 3390 172 
4 6 4257 3128 4427 4432 4446 2027 
4 6 1489 4430 1743 3423 4255 3127 
3 8 1122 4253 2635 4235 4230 4146 4274 919 
3 3 4274 4137 4144 
4 7 919 4273 4271 4269 3455 2244 629 
4 6 4076 3371 4069 3454 4070 629 
3 3 4215 608 4271 
5 4 1473 3671 3968 3670 
5 5 43 1283 3984 3983 1473 
5 6 1473 3963 2507 3955 210 771 
4 5 3670 3669 816 2399 1523 
3 5 43 3971 3967 2318 240 
5 10 1473 3983 3989 3995 4008 4007 503 767 4029 1550 
5 8 1713 3072 2699 4031 1129 4001 3988 1473 
3 4 892 3674 1268 3670 
4 6 1167 3345 3341 3339 2742 1602 
4 3 1167 790 213 
4 4 2716 316 3359 1167 
4 6 913 3344 506 1108 3439 1602 
4 3 2716 1303 726 
3 5 48 3392 401 4139 1455 
3 4 48 4122 3387 3383 
3 4 1455 4049 311 3383 
3 6 1775 4039 3370 3067 4025 1550 
3 5 3366 435 3982 3358 240 
3 5 1775 3068 4026 3097 3366 
3 6 3102 4052 478 4036 2043 4026 
5 4 3184 2205 1217 1804 
5 5 3494 126 3489 225 3184 
5 5 3494 3495 2862 3491 3193 
5 3 1310 3484 3491 
5 5 1310 2888 3471 33 3158 
5 3 1804 3173 3471 
5 3 533 2081 5609 
5 4 5609 5626 5620 1732 
5 6 3184 3479 190 5689 3473 463 
3 4 2 2510 1158 3166 
3 6 1585 950 5924 5919 582 2 
3 7 1585 5695 5694 2877 1684 3906 303 
3 5 3166 1897 616 1712 3906 
3 3 3615 3614 811 
3 4 3615 3619 3625 1315 
3 4 3514 3512 3627 1315 
3 4 3514 3511 860 2831 
4 4 2831 1118 3517 2473 
4 3 2473 2469 3207 
4 3 3207 86 2496 
4 2 615 86 
4 5 3184 3488 1431 3911 2496 
3 6 615 4294 4289 1910 3189 303 
4 5 2831 3524 610 4338 337 
4 5 2532 4477 4371 4357 337 
4 5 4338 3235 3537 3535 1919 
3 5 1204 4507 3251 3252 1115 
3 3 1204 4506 1917 
4 4 2088 5452 2066 3617 
4 5 3213 3211 4759 2472 3617 
4 9 5439 1230 3541 3539 30 3656 1327 5432 3645 
3 5 1352 3607 1464 3612 2088 
3 5 1523 2161 5454 1975 3588 
3 3 3588 1913 2760 
3 3 1146 3582 1913 
3 6 1681 3576 2101 3580 3584 2760 
3 4 1681 1639 3567 2779 
3 3 1681 3562 1389 
4 7 1919 4352 3239 4364 3553 3560 2779 
3 3 1381 4351 4364 
3 6 621 4078 4058 4051 4029 1550 
3 4 3077 5824 3076 155 
4 4 6577 6559 6558 6567 
4 3 6578 6589 6577 
4 4 6578 6563 6555 6536 
4 5 6615 6591 6565 6550 6542 
3 6 6483 6481 6497 6514 6515 6507 
3 4 6507 6524 6528 6536 
3 5 3366 2488 3355 1029 913 
3 7 726 3934 3936 2406 4027 4045 3102 
3 8 726 3985 3360 3365 3987 3980 2729 913 
4 6 726 5783 3348 2358 3440 1602 
4 7 1919 3234 2443 3529 1030 2838 3514 
3 5 1315 2546 1905 2867 993 
3 2 811 993 
3 5 3193 3492 1092 5702 993 
5 4 3158 1677 5621 5604 
5 3 533 2920 5604 
3 9 1585 5929 5928 3477 3178 4490 1109 4480 738 
3 7 738 4485 4275 2465 4494 4278 1917 
4 7 3213 3643 5428 281 3228 3536 5439 
5 4 2088 3623 3629 3633 
5 3 463 3468 3160 
5 3 1732 3466 3166 
5 4 3160 5664 3466 3166 
3 5 2128 4515 4514 384 3822 
3 3 1115 3823 3822 
4 3 1602 2402 2222 
4 5 213 3336 5764 1000 2222 
4 6 3670 3667 305 1964 3952 771 
4 6 43 2730 2507 3955 210 771 
3 6 892 3676 4013 3369 3100 1713 
5 6 892 3674 534 3675 1047 1473 
3 5 3070 3372 2332 4080 621 
3 5 1713 3072 4067 2372 3070 
5 7 3070 3071 725 1697 4001 3988 1473 
3 4 6542 6530 6504 6489 
3 5 6483 6484 6495 6491 6489 
4 4 6567 6579 6601 6592 
4 4 6592 6562 6548 6542 
4 4 6567 6541 6533 6535 
3 4 6535 6513 6491 6489 
3 4 6588 6560 6540 6536 
3 3 5919 5918 1868 
3 5 1868 5917 1526 5641 224 
3 4 738 2435 5655 224 
1 6 1367 5869 5873 227 1702 2624 
1 3 2624 5392 547 
1 4 547 5397 5405 1466 
1 5 1466 2593 1734 2563 1184 
1 6 6807 6810 6782 6704 6727 6767 
1 5 6777 6781 6752 6723 3312 
1 5 6773 6759 6749 6764 6791 
1 7 1122 4256 4254 3418 2564 5382 2624 
1 2 2583 220 
1 5 220 3080 5853 1754 2637 
1 3 1522 5377 3026 
1 4 5096 5081 1243 173 
1 5 5038 5050 2749 3084 5054 
2 5 5096 5081 5061 5052 5038 
1 5 5038 5052 5040 941 5046 
1 3 5046 4179 2755 
1 4 5054 2274 5074 61 
1 4 5032 5044 5064 61 
1 3 5032 5025 1075 
1 3 1075 5001 2771 
1 7 1075 32 4990 5007 4985 4967 4958 
1 6 1075 5012 5010 5020 1418 5038 
1 7 5008 2514 5002 1559 100 4987 5005 
1 4 2771 5000 5003 5005 
1 4 5022 1892 295 5048 
1 5 5048 5056 1701 1969 5104 
1 4 5022 5018 1127 3680 
2 4 3680 4988 810 990 
1 5 3680 4993 4966 96 4939 
2 4 990 4937 2792 4892 
2 6 4892 4903 27 4923 4926 4939 
1 5 4818 4834 4860 4881 4887 
1 5 4818 4813 4801 1346 4769 
1 5 4887 4907 4928 4951 4968 
1 3 4689 4683 1560 
1 3 4807 4814 551 
1 5 3237 3662 2791 4943 4958 
1 4 1146 3575 3579 3574 
1 3 3585 529 3574 
1 4 4835 4847 4827 4846 
1 5 4846 4830 1487 4839 4838 
1 3 468 1786 1253 
1 4 1253 3596 2923 406 
1 3 1558 2905 406 
1 4 1352 3606 1458 1558 
1 7 1253 5634 5639 5668 3603 2336 2373 
1 2 5459 3615 
1 4 218 3620 5461 5459 
4 4 2088 3618 307 218 
4 4 218 3637 166 3645 
2 5 5604 194 5551 580 2489 
1 3 2267 3597 1200 
1 3 993 781 3174 
1 4 3174 2538 774 2267 
1 3 1200 946 1830 
1 4 504 760 1185 1830 
2 4 504 1824 19 2942 
2 3 2489 1266 2942 
1 4 2489 5531 637 2245 
1 5 2245 777 2340 3149 1830 
2 3 2425 5978 5973 
2 7 2425 5625 2907 153 2441 5594 1900 
2 4 1900 1210 1912 2398 
2 3 2398 1035 878 
2 4 2398 1008 543 2315 
2 4 1628 5610 28 2908 
2 3 2908 40 823 
2 3 823 1228 2398 
2 3 2315 2481 1725 
2 3 1628 39 1725 
2 4 153 1890 115 878 
1 5 5507 2313 2939 5518 2038 
1 4 1296 5479 2217 50 
1 6 1106 5619 2921 5612 947 2432 
1 3 1420 3136 2296 
1 4 6575 6556 6544 6525 
1 6 1204 4502 4279 4276 5688 245 
1 4 1238 4510 480 1204 
1 3 444 2198 4503 
1 5 4503 2869 223 5697 1585 
2 3 4293 4300 444 
1 5 4496 1944 704 896 4503 
1 4 4496 4280 5930 4281 
1 2 4281 1917 
1 4 2273 572 2751 243 
1 7 441 5807 3942 2479 5793 5791 2078 
1 4 5945 5760 5757 302 
1 4 5945 3858 518 260 
1 3 1237 4532 667 
1 3 667 4522 206 
1 4 3259 4319 4322 1904 
1 3 2455 3260 2380 
1 3 2253 4385 4383 
1 4 2253 4389 5762 243 
1 3 4307 4310 3259 
1 4 1332 3809 1081 55 
2 4 1332 1596 139 5701 
2 3 5701 987 1790 
2 4 1790 2276 5724 1624 
2 5 5701 1187 2008 1429 1921 
2 4 1921 614 7011 7021 
2 5 7021 7022 322 5743 1864 
2 7 1864 2804 1614 2258 95 5735 1624 
2 5 55 3815 3818 1045 3250 
1 4 3250 1140 1294 2128 
2 7 1790 2339 5715 37 1838 4154 2128 
2 5 1624 793 5739 99 2044 
2 5 6624 6628 7080 7083 7089 
1 2 6624 1864 
1 4 2765 3852 3849 2768 
1 5 2765 3850 1513 340 1920 
1 4 1920 1095 3835 2044 
2 3 2831 3515 2841 
2 3 3207 537 3197 
2 3 615 3214 193 
1 4 224 120 1065 3150 
1 5 6101 6110 6127 2328 4892 
1 3 167 445 4892 
1 6 119 2185 1580 134 1003 949 
1 5 119 6239 2438 2816 1644 
2 4 119 1192 6172 6152 
1 3 6184 6169 6152 
1 4 6152 6144 6154 6143 
1 4 1631 735 6448 6152 
1 5 6415 6418 469 6061 6050 
1 5 6050 6061 6064 6079 6094 
1 5 6094 6107 6117 6118 6115 
1 4 6115 6108 6106 6101 
1 4 1644 922 445 167 
2 5 1631 6433 1191 6420 6415 
2 6 2901 6383 5983 5988 5999 2416 
2 4 2901 1470 5977 2493 
2 4 2901 5984 5990 5998 
1 5 5998 6011 1530 6014 1576 
1 3 1576 457 2416 
2 5 5998 6002 6000 2071 6392 
1 7 6392 6390 6388 6384 5979 5975 2493 
2 6 6398 6395 1279 117 6007 6392 
2 5 6415 6406 825 6402 6398 
1 3 6279 6251 6234 
1 4 6234 6245 6241 6223 
1 3 6223 6201 6195 
1 5 6223 6201 6188 6171 6159 
1 4 6279 6291 6311 6326 
1 3 6326 6330 6336 
1 4 6314 6298 6287 6271 
1 3 6271 6262 6258 
1 3 6258 6250 6227 
1 4 6227 6220 6214 6191 
1 5 6191 6200 6202 6189 6182 
1 3 6191 6215 6233 
1 4 6159 6165 6180 6182 
1 4 6182 6206 6217 6234 
1 4 6233 6253 6265 6276 
1 5 6326 6312 6299 6290 6276 
1 4 6314 6296 6284 6276 
1 4 6336 6329 6321 6314 
1 5 6258 6246 6248 6236 6233 
1 5 6233 6218 6202 6189 6182 
1 6 6233 6237 6242 6238 6263 6279 
1 5 6276 6283 6282 6263 6279 
1 4 6911 6924 6393 2416 
1 4 6911 6899 6887 6881 
1 5 6058 6073 6078 6083 6085 
1 4 1846 2801 6170 6182 
1 3 1227 6443 1846 
1 4 6184 6194 6196 6195 
1 4 2116 2773 6216 1443 
1 3 2690 2046 2702 
1 4 2690 6381 6380 2124 
1 3 2702 6376 634 
1 3 1906 6345 6336 
1 4 6314 6310 1945 6319 
1 6 1906 6346 732 1552 2733 6319 
1 3 1343 2388 1242 
1 7 745 764 1899 1359 178 2824 1501 
1 3 745 2192 1343 
1 5 1442 1842 6959 6966 6970 
1 7 1798 954 7103 7102 7097 2149 1422 
1 7 1422 749 1695 884 315 2540 1744 
1 6 1821 56 995 2542 7017 7021 
1 3 714 991 1659 
1 4 1659 1974 6693 6771 
1 4 550 258 2269 1776 
1 6 550 1600 840 306 1833 2600 
1 4 2600 2060 911 368 
1 4 674 2646 2292 368 
1 5 1659 1729 1493 911 368 
1 8 714 2021 1858 467 1396 2142 1956 2658 
1 6 674 2653 1248 841 531 2658 
2 3 2064 2626 1660 
2 3 1660 1190 2146 
2 4 1660 1190 420 450 
2 4 1660 2625 1083 2629 
2 3 450 2323 2146 
2 5 2629 2638 252 1124 2064 
1 6 450 2584 162 1385 670 714 
1 4 2064 986 5823 1691 
1 3 1691 116 2658 
1 5 1691 2661 1224 1447 1641 
1 3 2629 479 700 
1 4 1641 1570 2652 700 
1 5 700 2042 2365 271 456 
1 4 1958 1984 2304 456 
1 6 1958 2068 1753 1102 2347 634 
1 3 2657 2099 2690 
1 8 2657 1097 6458 1496 1102 1753 2068 1958 
1 5 171 574 2430 1730 2657 
1 7 171 1933 683 1840 1711 1302 511 
1 6 171 1613 2352 2547 2118 1390 
1 4 511 2114 1503 2595 
1 4 2595 2079 1335 1529 
1 4 174 1615 1502 2583 
1 4 174 427 6661 6679 
1 4 174 2283 1239 2213 
1 4 1425 561 130 548 
1 4 548 2562 876 1794 
1 6 1794 2178 416 351 2666 2047 
1 2 3059 890 
1 3 3059 2123 282 
1 3 3059 1733 1133 
1 4 3059 319 2248 962 
1 6 890 93 1746 672 827 2111 
1 4 2111 1698 2656 1962 
1 3 321 1960 1383 
1 2 321 1435 
1 2 1928 1405 
1 5 1928 1672 90 482 579 
1 4 1928 1672 90 2579 
1 2 2579 1383 
1 4 579 175 304 1435 
1 3 1928 679 1606 
1 5 2460 1856 1270 1162 321 
1 4 870 2560 1320 2460 
1 5 2164 5 1668 356 2596 
1 3 16 1087 1501 
1 5 16 288 1252 7017 7021 
1 3 2301 1313 1356 
1 6 1343 651 1987 2879 103 374 
1 3 1821 822 374 
1 4 1023 1834 3053 374 
1 5 2301 2790 1661 1009 1501 
1 5 1422 2329 418 2849 1073 
1 5 1442 110 554 460 1179 
1 6 1242 1406 2175 1022 633 1179 
1 3 4365 4355 969 
1 4 2025 1742 4347 969 
1 3 969 4354 2197 
1 5 999 3332 3331 3245 2197 
1 4 999 928 2230 4383 
1 7 2253 4384 1643 4544 2297 5938 2272 
1 3 1904 3327 2795 
1 4 3259 1088 934 2197 
1 3 3259 4319 3218 
1 3 2380 394 3271 
1 4 2380 5740 1988 3258 
1 4 3258 4523 4545 208 
1 2 208 3261 
1 5 1904 239 4346 4327 2380 
1 4 2272 4539 1034 208 
1 5 2272 4540 1781 2800 667 
